wnd1Toggle-r bool 1 1 1 1 1 1 1 1 1 1 1 1 1 1 1 1 0 0 0 0 0 0 0 0 0 0 0 0 0 0 0 0 0 0 0 0 0 0 0 0 0 0 0 0 1
wnd1Toggle bool 1 1 1 1 1 1 1 1 1 1 1 1 1 1 1 1 0 0 0 0 0 0 0 0 0 0 0 0 0 0 0 0 0 0 0 0 0 0 0 0 0 0 0 0 1
wnd1Level-r fade -100 -65 -70 -68 -85 -70 -70 -68 -72 -72 -74 -74 -75 -75 -78 -82 -70 -70 -70 -70 -70 -70 -70 -70 -70 -70 -70 -70 -70 -70 -70 -70 -70 -70 -70 -70 -70 -70 -70 -70 -70 -70 -70 -70 -100
wnd1Reverb-r fade -13 -10 -12 -12 -11 -12 -12 -13 -16 -17 -18 -18 -19 -20 -22 -24 -35 -35 -35 -35 -35 -35 -35 -35 -35 -35 -35 -35 -35 -35 -35 -35 -35 -35 -35 -35 -35 -35 -35 -35 -35 -35 -35 -35 -13
wnd1Speed-r lin 0.125 0.125 0.125 1.125 1.125 1.125 1.125 1.125 2.125 1.125 1.125 1.125 1.125 1.125 1.125 1.125 1.125 1.125 1.125 1.125 1.125 1.125 1.125 1.125 1.125 1.125 1.125 1.125 1.125 1.125 1.125 1.125 1.125 1.125 1.125 1.125 1.125 1.125 1.125 1.125 1.125 1.125 1.125 1.125 0.125
wnd1Delay-r fade -50 -50 -50 -45 0 -45 -40 -30 -40 -40 -50 -50 -55 -55 -60 -60 -50 -50 -50 -50 -50 -50 -50 -50 -50 -50 -50 -50 -50 -50 -50 -50 -50 -50 -50 -50 -50 -50 -50 -50 -50 -50 -50 -50 -50
crd1Toggle-r bool 1 1 1 0 1 1 1 1 1 1 1 1 1 1 1 1 1 1 1 1 1 1 1 1 1 1 1 1 1 1 1 1 1 1 1 1 1 1 1 1 1 1 1 1 1
crd1Toggle bool 1 1 1 0 1 1 1 1 1 1 1 1 1 1 1 1 1 1 1 1 1 1 1 1 1 1 1 1 1 1 1 1 1 1 1 1 1 1 1 1 1 1 1 1 1
crd1Level-r fade -37 -36 -40 -45 -44 -40 -45 -43 -43 -43 -40 -41 -41 -41 -42 -45 -47 -47 -48 -49 -50 -50 -50 -50 -50 -50 -50 -50 -50 -50 -50 -48 -44 -45 -40 -40 -40 -40 -40 -42 -41 -40 -44 -48 -39
crd1Reverb-r fade -16 -15 -17 -10 -10 -15 -15 -14 -14 -12 -11 -11 -11 -11 -12 -18 -23 -23 -24 -26 -29 -28 -27 -31 -31 -31 -31 -31 -31 -31 -31 -29 -27 -28 -25 -25 -25 -25 -25 -25 -25 -25 -22 -20 -17
crd1Delay-r fade -20 -20 -20 -20 -30 -40 -40 -40 -40 -40 -40 -40 -40 -40 -40 -40 -40 -40 -40 -40 -40 -40 -40 -40 -40 -40 -40 -40 -40 -40 -40 -40 -40 -40 -40 -40 -40 -40 -40 -40 -40 -40 -40 -40 -20
crd1Speed-r lin 2 2 2 2 2.125 2.125 2.125 1.125 2.125 2.125 2.125 1.125 1.125 1.125 1.125 1.125 1.125 1.125 1.125 1.125 1.125 1.125 1.125 1.125 1.125 1.125 1.125 1.125 1.125 1.125 1.125 1.125 1.125 1.125 1.125 1.125 1.125 1.125 1.125 1.125 1.125 1.125 1.125 1.125 2
mel1Toggle-r bool 1 1 1 1 1 1 1 1 1 1 1 1 1 1 1 1 1 1 1 1 1 1 1 1 1 1 1 1 1 1 1 1 1 1 1 1 1 1 1 1 1 1 1 1 1
mel1Toggle bool 1 1 1 1 1 1 1 1 1 1 1 1 1 1 1 1 1 1 1 1 1 1 1 1 1 1 1 1 1 1 1 1 1 1 1 1 1 1 1 1 1 1 1 1 1
mel1Level-r fade -34 -31 -33 -33 -31 -34 -40 -36 -38 -41 -41 -41 -41 -41 -42 -40 -38 -38 -38 -40 -41 -42 -43 -46 -44 -46 -47 -45 -43 -40 -40 -41 -39 -39 -40 -41 -45 -58 -60 -60 -60 -60 -62 -66 -38
mel1Reverb-r fade -16 -14 -15 -15 -12 -15 -16 -15 -14 -10 -10 -10 -10 -10 -11 -12 -12 -12 -12 -12 -12 -12 -12 -12 -12 -12 -12 -12 -12 -12 -12 -12 -12 -12 -10 -11 -10 -9 -8 -8 -8 -8 -8 -8 -17
mel1Prob-r lin 30 18 18 16 15 16 15 20 22 12 15 15 15 15 15 15 15 15 15 15 15 15 15 15 15 15 15 15 15 15 15 15 15 15 15 15 15 20 20 20 20 20 20 20 24
mel1Speed-r lin 0.5 8.125 8.125 32.125 16.125 4.125 4.125 2.125 6.125 4.125 4.125 8.125 8.125 8.125 8.125 2.125 2.125 2.125 2.125 2.125 2.125 2.125 2.125 2.125 2.125 2.125 2.125 2.125 2.125 2.125 3.2 3.8 4.125 4.125 4.125 4.125 4.125 4.125 4.125 4.125 4.125 4.125 4.125 4.125 0.5
str2Toggle-r bool 1 1 1 1 1 1 1 1 1 1 1 1 1 1 1 1 0 0 0 0 0 0 0 0 0 0 0 0 0 0 0 0 0 0 0 0 0 1 1 1 1 1 1 1 1
str2Toggle bool 1 1 1 1 1 1 1 1 1 1 1 1 1 1 1 1 0 0 0 0 0 0 0 0 0 0 0 0 0 0 0 0 0 0 0 0 0 1 1 1 1 1 1 1 1
str2Level-r fade -39 -29 -29 -28 -30 -27 -26 -27 -27 -29 -27 -26 -26 -28 -29 -34 -27 -27 -27 -30 -31 -31 -31 -31 -31 -31 -31 -29 -29 -28 -28 -28 -28 -27 -27 -27 -27 -84 -80 -80 -80 -80 -80 -84 -42
str2Reverb-r fade -14 -12 -12 -12 -10 -11 -10 -10 -12 -15 -14 -13 -13 -14 -15 -16 -10 -10 -10 -10 -10 -10 -10 -10 -10 -10 -10 -10 -10 -10 -10 -10 -10 -10 -10 -10 -10 -8 -6 -6 -6 -6 -6 -6 -15
str2Prob-r lin 34 44 44 43 25 40 38 40 40 40 40 40 40 40 20 20 20 20 20 20 20 20 20 20 20 20 20 20 20 20 20 20 20 20 20 20 20 10 10 10 10 10 10 10 30
str2Speed-r lin 0.5 0.5 0.5 0.75 1.5 2 1 1 1 1 1 1 1 1 2 2 2 2 2 2 2 2 2 2 2 2 2 2 2 2 2 2 2 2 2 2 2 1.1 1.1 1.1 1.1 1.1 1.1 1.1 0.5
str1Toggle-r bool 1 1 1 1 1 1 1 1 1 1 1 1 1 1 1 1 0 0 0 0 0 0 0 0 0 0 0 0 0 0 0 0 0 0 0 0 0 1 1 1 1 1 1 1 1
str1Toggle bool 1 1 1 1 1 1 1 1 1 1 1 1 1 1 1 1 0 0 0 0 0 0 0 0 0 0 0 0 0 0 0 0 0 0 0 0 0 1 1 1 1 1 1 1 1
str1Level-r fade -31 -23 -26 -27 -29 -26 -29 -28 -31 -36 -38 -42 -44 -45 -50 -56 -60 -60 -60 -60 -60 -60 -60 -60 -60 -60 -60 -60 -60 -60 -60 -60 -60 -60 -60 -60 -60 -36 -33 -33 -33 -33 -38 -42 -34
str1Reverb-r fade -10 -8 -10 -11 -9 -11 -11 -10 -9 -8 -8 -9 -10 -10 -13 -16 -25 -25 -25 -25 -25 -25 -25 -25 -25 -25 -25 -25 -25 -25 -25 -25 -25 -25 -25 -25 -25 -8 -6 -6 -6 -6 -8 -9 -11
str1Prob-r lin 78 86 84 80 90 78 76 90 90 90 90 90 90 90 40 40 40 40 40 40 40 40 40 40 40 40 40 40 40 40 40 40 40 40 40 40 40 90 90 90 90 90 78 74 72
str1Speed-r lin 1 1 1 1.5 1.5 1 1 1 1 1 1 1 1 1 1 1 1 1 1 1 1 1 1 1 1 1 1 1 1 1 1 1 1 1 1 1 1 1 1 1 1 1 1 1 1
arp2Toggle-r bool 0 0 1 1 1 1 1 1 1 1 1 1 1 1 1 1 0 0 0 0 0 0 0 0 0 0 0 0 0 0 0 0 0 0 0 0 0 0 0 0 0 0 0 0 0
arp2Level-r fade -100 -100 -39 -35 -40 -40 -54 -46 -62 -78 -84 -88 -88 -90 -92 -96 -80 -80 -80 -80 -80 -80 -80 -80 -80 -80 -80 -80 -80 -80 -80 -80 -80 -80 -80 -80 -80 -80 -80 -80 -80 -80 -80 -80 -100
arp2Reverb-r fade -15 -15 -20 -17 -24 -24 -19 -20 -21 -21 -22 -24 -24 -25 -26 -28 -29 -29 -29 -29 -29 -29 -29 -29 -29 -29 -29 -29 -29 -29 -29 -29 -29 -29 -29 -29 -29 -29 -29 -29 -29 -29 -29 -29 -15
arp2Speed-r lin 64 64 64 64 44 44 44 32 32 32 32 32 32 32 32 32 32 32 32 32 32 32 32 32 32 32 32 32 32 32 32 32 32 32 32 32 32 32 32 32 32 32 32 32 64
arp2Duration-r lin 100 100 100 100 100 100 90 70 90 90 90 90 90 90 90 90 90 90 90 90 90 90 90 90 90 90 90 90 90 90 90 90 90 90 90 90 90 90 90 90 90 90 90 90 100
arp2Delay-r fade -100 -100 -100 -100 -50 -50 -45 -30 -35 -20 -20 -20 -20 -20 -20 -20 0 0 0 0 0 0 0 0 0 0 0 0 0 0 0 0 0 0 0 0 0 0 0 0 0 0 0 0 -100
arp2Wet-r fade 1 1 1 1 1 1 1 1 1 1 1 1 1 1 1 1 1 1 1 1 1 1 1 1 1 1 1 1 1 1 1 1 1 1 1 1 1 1 1 1 1 1 1 1 1
arp1Toggle-r bool 0 0 1 1 1 1 1 1 1 0 0 0 0 0 0 0 0 0 0 0 0 0 0 0 0 0 0 0 0 0 0 0 0 0 0 0 0 0 0 0 0 0 0 0 0
arp1Level-r fade -16 -16 -30 -22 -19 -24 -26 -25 -28 -40 -40 -40 -40 -40 -40 -40 -40 -40 -40 -40 -40 -40 -40 -40 -40 -40 -40 -40 -40 -40 -40 -40 -40 -40 -40 -40 -40 -40 -40 -40 -40 -40 -40 -40 -16
arp1Reverb-r fade -59 -59 -100 -100 -59 -100 -100 -100 -100 -59 -59 -59 -59 -59 -59 -59 -59 -59 -59 -59 -59 -59 -59 -59 -59 -59 -59 -59 -59 -59 -59 -59 -59 -59 -59 -59 -59 -59 -59 -59 -59 -59 -59 -59 -59
arp1Speed-r lin 0.125 0.125 0.125 0.125 0.125 0.125 0.125 0.125 0.125 0.125 0.125 0.125 0.125 0.125 0.125 0.125 0.125 0.125 0.125 0.125 0.125 0.125 0.125 0.125 0.125 0.125 0.125 0.125 0.125 0.125 0.125 0.125 0.125 0.125 0.125 0.125 0.125 0.125 0.125 0.125 0.125 0.125 0.125 0.125 0.125
arp1Duration-r lin 100 100 100 39 39 100 100 100 100 100 100 100 100 100 100 100 100 100 100 100 100 100 100 100 100 100 100 100 100 100 100 100 100 100 100 100 100 100 100 100 100 100 100 100 100
arp1Delay-r fade -40 -40 -48 -5 0 -46 -48 -60 -60 -60 -60 -60 -60 -60 -60 -60 -60 -60 -60 -60 -60 -60 -60 -60 -60 -60 -60 -60 -60 -60 -60 -60 -60 -60 -60 -60 -60 -60 -60 -60 -60 -60 -60 -60 -40
arp3Toggle-r bool 0 0 0 1 1 1 1 1 1 1 0 0 0 0 0 0 0 0 0 0 0 0 0 0 0 0 0 0 0 0 0 0 0 0 0 0 0 0 0 0 0 0 0 0 0
arp3Level-r fade -8 -8 -8 -13 -12 -16 -9 -10 -14 -22 -25 -25 -25 -25 -25 -25 -25 -25 -25 -25 -25 -25 -25 -25 -25 -25 -25 -25 -25 -25 -25 -25 -25 -25 -25 -25 -25 -25 -25 -25 -25 -25 -25 -25 -8
arp3Reverb-r fade -12 -12 -12 -22 -22 -22 -18 -17 -18 -16 -12 -12 -12 -12 -12 -12 -12 -12 -12 -12 -12 -12 -12 -12 -12 -12 -12 -12 -12 -12 -12 -12 -12 -12 -12 -12 -12 -12 -12 -12 -12 -12 -12 -12 -12
arp3Speed-r lin 32 32 32 32 32 32 32 32 32 32 32 32 32 32 32 32 32 32 32 32 32 32 32 32 32 32 32 32 32 32 32 32 32 32 32 32 32 32 32 32 32 32 32 32 32
arp3Duration-r lin 100 100 100 100 100 100 100 100 100 100 100 100 100 100 100 100 100 100 100 100 100 100 100 100 100 100 100 100 100 100 100 100 100 100 100 100 100 100 100 100 100 100 100 100 100
arp3Delay-r fade 0 0 0 -12 0 -16 -10 -10 -12 -10 0 0 0 0 0 0 0 0 0 0 0 0 0 0 0 0 0 0 0 0 0 0 0 0 0 0 0 0 0 0 0 0 0 0 0
synth1Toggle-r bool 0 0 0 0 0 1 1 1 1 1 1 1 1 1 1 1 1 1 1 1 1 1 1 1 1 1 1 1 1 1 1 1 1 1 1 1 1 0 0 0 0 0 0 0 0
synth1Toggle bool 0 0 0 0 0 1 1 1 1 1 1 1 1 1 1 1 1 1 1 1 1 1 1 1 1 1 1 1 1 1 1 1 1 1 1 1 1 0 0 0 0 0 0 0 0
synth1Level-r fade -40 -40 -40 -40 -26 -30 -27 -23 -18 -14 -15 -15 -16 -18 -19 -17 -15 -13.5 -14.5 -15 -16 -17 -18 -17 -17 -17 -17 -17 -17 -17.5 -18.5 -20 -19.5 -20 -21.5 -23 -28 -28 -19 -19 -19 -19 -19 -19 -40
synth1Reverb-r fade -19 -19 -19 -19 -19 -20 -20 -18 -15 -12 -13 -13 -14 -15 -16 -14 -11 -7 -8 -9 -9 -9 -8.5 -8 -8 -8 -8 -7 -7 -6 -5 -6.5 -7.5 -9.5 -10.5 -10.5 -12 -12 -9 -9 -9 -9 -9 -9 -19
synth1Speed-r lin 64 64 64 64 64 64 32 16 16 16 8 8 8 8 8 8 8 16 32 32 32 32 32 32 32 32 32 32 20 12 10 8 4 4.5 5 4.5 2 2 4 4 4 4 4 4 64
synth1Tuning-r lin 30 30 30 30 30 -92 -72 30 30 70 70 70 66 48 40 30 30 48 36 24 12 12 0 0 0 0 0 0 12 24 38 26 0 10 14 12 6 0 0 0 0 0 0 0 30
synth1Delay-r fade -50 -50 -50 -50 -50 0 0 -4 -2 0 -4 -2 -3 -4 -10 -6 -3 0 -10 -18 -28 -34 -38 -45 -45 -45 -50 -25 -10 -5 -10 -12 -14 -18 -10 -18 -28 -30 0 0 0 0 0 0 -50
synth1Cutoff-r lin 220 220 220 220 220 780 800 820 910 1041 940 980 930 860 780 720 690 640 620 610 565 520 480 500 540 500 460 820 760 620 540 410 360 330 320 345 300 280 320 320 320 320 320 320 220
synth1Body-r lin 0 0 0 0 0 0 0.1 0.16 0.2 0.25 0.42 0.32 0.38 0.48 0.58 0.72 0.68 0.62 0.54 0.48 0.38 0.3 0.24 0.18 0.16 0.14 0.1 0.35 0.26 0.34 0.34 0.38 0.46 0.42 0.54 0.36 0.1 0.08 0 0 0 0 0 0 0
synth1Tail-r lin 0.25 0.25 0.25 0.25 0.25 0.5 0.65 0.85 1.25 2.1 1.35 1.35 1.2 1.1 1 0.95 0.9 0.7 0.66 0.56 0.46 0.36 0.3 0.3 0.28 0.24 0.2 0.4 0.32 0.42 0.42 0.48 0.66 0.56 0.66 0.58 0.22 0.18 0.25 0.25 0.25 0.25 0.25 0.25 0.25
celbToggle-r bool 0 0 0 0 0 0 0 1 1 1 1 1 1 1 1 1 1 1 1 1 1 1 1 1 1 1 1 1 1 1 1 1 1 1 0 0 0 0 0 0 0 0 0 0 0
celbLevel-r fade -9 -9 -9 -9 -9 -9 -9 -28 -28 -22 -18 -22 -22 -25 -26 -20 -14 -8 -15 -11.5 -11.5 -8 -7 -6 -6 -6 -6 -6 -6 -6 -6 -8 -12 -10 -6 -6 -6 -6 -6 -6 -6 -6 -6 -6 -9
hov1Toggle-r bool 0 0 0 0 0 0 0 0 0 0 1 1 1 1 1 1 1 1 1 1 1 1 1 1 1 1 1 1 1 1 1 1 1 1 0 0 0 0 0 0 0 0 0 0 0
hov1Level-r fade -26 -26 -26 -26 -26 -26 -26 -26 -26 -26 -24 -23 -22.5 -21.5 -20.5 -23 -24 -24 -21 -22 -23 -23 -22 -20 -18 -17 -16 -15 -14 -14 -14.5 -15 -15 -16 -15 -15 -15 -15 -15 -15 -15 -15 -15 -15 -26
hov1Reverb-r fade -10 -10 -10 -10 -10 -10 -10 -10 -10 -10 -11 -11 -11 -10 -10 -10 -10 -10 -10 -15 -18 -18 -18 -16 -14 -13 -12 -10 -8 -7 -7 -7 -6 -7 -6 -6 -6 -6 -6 -6 -6 -6 -6 -6 -10
hov1speed-r lin 4.125 4.125 4.125 4.125 4.125 4.125 4.125 4.125 4.125 4.125 4.125 4.125 4.125 4.125 4.125 4.125 4.125 4.125 4.125 4.125 4.125 4.125 4.125 3.5 3.25 3.5 3.75 4.125 4.125 4.125 4.125 4.125 4.125 4.125 4.125 4.125 4.125 4.125 4.125 4.125 4.125 4.125 4.125 4.125 4.125
hov1master-r lin 5 5 5 5 5 5 5 5 5 5 6 7 7.5 8.5 9 7 6 5.5 6 5 4.5 4.5 4.5 5 5 5 5.5 5 5.5 5.2 5.1 5.1 5 5 5 5 5 5 5 5 5 5 5 5 5
hov1slide_ms-r lin 120 120 120 120 120 120 120 120 120 120 120 180 180 180 120 60 60 60 60 60 60 60 60 60 60 60 60 60 60 60 60 60 60 60 60 60 60 60 60 60 60 60 60 60 120
hov1_div16-r step 12 12 12 12 12 12 12 12 12 12 12 12 12 12 12 12 12 12 12 4 4 4 4 6 6 6 6 7 7 8 8 8 8 8 8 8 8 8 8 8 8 8 8 8 12
hov1_vib_rate_hz-r lin 6 6 6 6 6 6 6 6 6 6 6 6 6 6 6 6 6 2 0 4 4 4 4 4 4 4 4 4 4 4 4 4 4 4 4 4 4 4 4 4 4 4 4 4 6
hov1_tone-r lin 1569 1569 1569 1569 1569 1569 1569 1569 1569 1569 1469 1369 1325 1250 1280 1769 1769 1469 200 200 200 200 200 200 200 200 200 200 200 200 200 200 200 200 200 200 200 200 200 200 200 200 200 200 1569
voxToggle-r bool 0 0 0 0 0 0 0 0 0 0 0 1 1 1 1 1 1 1 1 1 1 1 1 1 1 1 1 1 1 1 1 1 1 1 0 0 0 0 0 0 0 0 0 0 0
voxBpm-r lin 120 120 120 120 120 120 120 120 120 120 120 120 120 120 120 120 120 120 120 120 120 120 120 120 120 120 120 120 120 120 120 120 120 120 120 120 120 120 120 120 120 120 120 120 120
voxStepDiv-r step 8 8 8 8 8 8 8 8 8 8 8 8 8 8 8 32 32 32 4 4 4 4 4 4 4 4 4 4 4 4 4 4 4 4 4 4 4 4 4 4 4 4 4 4 8
voxVibRate-r lin 8 8 8 8 8 8 8 8 8 8 8 8 8 8 10 16 16 16 16 16 16 16 16 16 16 16 16 16 16 16 16 16 16 16 16 16 16 16 16 16 16 16 16 16 8
voxLevel-r fade 0.3 0.3 0.3 0.3 0.3 0.3 0.3 0.3 0.3 0.3 0.3 0.38 0.38 0.38 0.36 0.44 0.5 0.56 0.48 0.53 0.55 0.58 0.58 0.6 0.6 0.6 0.6 0.6 0.6 0.6 0.6 0.6 0.6 0.6 0.6 0.6 0.6 0.6 0.6 0.6 0.6 0.6 0.6 0.6 0.3
voxDelayLevel-r fade 0.4 0.4 0.4 0.4 0.4 0.4 0.4 0.4 0.4 0.4 0.4 0.4 0.4 0.32 0.24 0.18 0.14 0.1 0.16 0.12 0.11 0.1 0.1 0.1 0.1 0.1 0.1 0.1 0.1 0.1 0.1 0.1 0.1 0.1 0.1 0.1 0.1 0.1 0.1 0.1 0.1 0.1 0.1 0.1 0.4
hov_Toggle-r bool 0 0 0 0 0 0 0 0 0 0 0 0 0 0 0 1 1 1 1 1 1 1 1 1 1 1 1 1 1 1 1 1 1 1 1 1 0 0 0 0 0 0 0 0 0
hov_Level-r fade -66 -66 -66 -66 -66 -66 -66 -66 -66 -66 -66 -66 -66 -66 -66 -66 -45 -34 -29 -24 -20.5 -19.5 -18 -19 -18 -18 -19 -18.5 -19 -18.2 -20.5 -23 -29 -34 -34 -37 -37 -37 -37 -37 -37 -37 -37 -37 -66
hov_Reverb-r fade -100 -100 -100 -100 -100 -100 -100 -100 -100 -100 -100 -100 -100 -100 -100 -100 -70 -42 -31 -28 -27 -24 -20 -22 -21 -22 -24 -24 -26 -31 -30 -38 -50 -66 -62 -80 -80 -80 -80 -80 -80 -80 -80 -80 -100
hov_speed-r lin 16 16 16 16 16 16 16 16 16 16 16 16 16 16 16 16 16 8 2.125 2.125 1.5 1.125 1.5 1.75 1.5 1.75 1.95 2.2 2.9 4.2 4.9 5.2 8.125 8.125 8.125 8.125 8.125 8.125 8.125 8.125 8.125 8.125 8.125 8.125 16
hov_master-r lin 60 60 60 60 60 60 60 60 60 60 60 60 60 60 60 60 60 60 60 60 60 60 60 60 60 60 60 60 60 60 60 60 60 60 60 60 60 60 60 60 60 60 60 60 60
hov_slide_ms-r lin 240 240 240 240 240 240 240 240 240 240 240 240 240 240 240 240 240 240 240 240 220 220 220 220 220 220 230 205 185 150 165 165 120 120 120 120 120 120 120 120 120 120 120 120 240
hov__div16-r step 12 12 12 12 12 12 12 12 12 12 12 12 12 12 12 12 12 10 8 8 8 8 8 8 8 8 8 7 6 7 7 7 8 8 8 8 8 8 8 8 8 8 8 8 12
hov__vib_rate_hz-r lin 6 6 6 6 6 6 6 6 6 6 6 6 6 6 6 6 6 7 12 12 16 18 18 18 18 18 18 18 18 12 10 10 4 4 4 4 4 4 4 4 4 4 4 4 6
hov__tone-r lin 2569 2569 2569 2569 2569 2569 2569 2569 2569 2569 2569 2569 2569 2569 2569 2569 2569 2480 2693 3210 3620 3920 4100 3900 4050 3900 3820 3600 3380 3120 3025 2920 2780 2500 2569 2310 2569 2569 2569 2569 2569 2569 2569 2569 2569
drums1Toggle-r bool 0 0 0 0 0 0 0 0 0 0 0 1 1 1 1 1 1 1 1 1 1 1 1 1 1 1 1 1 1 1 1 1 0 0 0 0 0 0 0 0 0 0 0 0 0
drums1Level-r fade -66 -66 -66 -66 -66 -66 -66 -66 -66 -66 -66 -64 -64 -58 -54 -46 -38 -29 -35 -32 -31 -29 -28 -28 -27 -28 -28 -29 -31 -36 -42 -50 -30 -30 -30 -30 -30 -30 -30 -30 -30 -30 -30 -30 -66
kick_pitch-r lin 0.2 0.2 0.2 0.2 0.2 0.2 0.2 0.2 0.2 0.2 0.2 0.2 0.2 0.2 0.2 0.2 0.2 0.2 0.2 0.2 0.2 0.2 0.2 0.2 0.2 0.2 0.2 0.2 0.2 0.2 0.2 0.2 0.2 0.2 0.2 0.2 0.2 0.2 0.2 0.2 0.2 0.2 0.2 0.2 0.2
kick_decay-r lin 15 15 15 15 15 15 15 15 15 15 15 15 15 15 15 15 15 15 15 15 15 15 15 15 15 15 15 15 15 15 15 15 15 15 15 15 15 15 15 15 15 15 15 15 15
kick_filter-r lin 0.3 0.3 0.3 0.3 0.3 0.3 0.3 0.3 0.3 0.3 0.3 0.3 0.3 0.3 0.3 0.3 0.3 0.3 0.3 0.3 0.3 0.3 0.3 0.3 0.3 0.3 0.3 0.3 0.3 0.3 0.3 0.3 0.3 0.3 0.3 0.3 0.3 0.3 0.3 0.3 0.3 0.3 0.3 0.3 0.3
kick_sine-r lin 0.9 0.9 0.9 0.9 0.9 0.9 0.9 0.9 0.9 0.9 0.9 0.9 0.9 0.9 0.9 0.9 0.9 0.9 0.9 0.9 0.9 0.9 0.9 0.9 0.9 0.9 0.9 0.9 0.9 0.9 0.9 0.9 0.9 0.9 0.9 0.9 0.9 0.9 0.9 0.9 0.9 0.9 0.9 0.9 0.9
drums1KickOn-r bool 0 0 0 0 0 0 0 0 0 0 0 0 0 0 0 0 0 0 0 0 0 0 0 0 0 0 0 0 0 0 0 0 0 0 0 0 0 0 0 0 0 0 0 0 0
prog1Toggle-r bool 0 0 0 0 0 0 0 0 0 0 0 0 0 1 1 1 1 1 1 1 1 1 1 1 1 1 1 1 1 1 1 1 1 1 1 1 1 1 1 1 1 1 1 1 0
prog1Level-r fade -5 -5 -5 -5 -5 -5 -5 -5 -5 -5 -5 -5 -5 -12 -14 -10 -8 -6 -9.5 -8 -7.5 -6.5 -6 -5 -5 -5 -5 -5 -5 -5 -5 -6 -6.5 -6.5 -6 -5 -5 -5 -5 -5 -5 -5 -8 -14 -5
prog1Atk-r lin 180 180 180 180 180 180 180 180 180 180 180 180 180 180 180 180 180 180 180 180 180 180 180 180 180 180 180 180 180 180 180 180 180 180 180 180 180 180 180 180 180 180 180 180 180
prog1Dec-r lin 3000 3000 3000 3000 3000 3000 3000 3000 3000 3000 3000 3000 3000 3000 3000 3000 3000 3000 3000 3000 3000 3000 3000 3000 3000 3000 3000 3000 3000 3000 3000 3000 3000 3000 3000 3000 3000 3000 3000 3000 3000 3000 3000 3000 3000
prog1Sus-r lin 0.8 0.8 0.8 0.8 0.8 0.8 0.8 0.8 0.8 0.8 0.8 0.8 0.8 0.8 0.8 0.8 0.8 0.8 0.8 0.8 0.8 0.8 0.8 0.8 0.8 0.8 0.8 0.8 0.8 0.8 0.8 0.8 0.8 0.8 0.8 0.8 0.8 0.8 0.8 0.8 0.8 0.8 0.8 0.8 0.8
prog1Rel-r lin 2000 2000 2000 2000 2000 2000 2000 2000 2000 2000 2000 2000 2000 2000 2000 2000 2000 2000 2000 2000 2000 2000 2000 2000 2000 2000 2000 2000 2000 2000 2000 2000 2000 2000 2000 2000 2000 2000 2000 2000 2000 2000 2000 2000 2000
prog2Toggle-r bool 0 0 0 0 0 0 0 0 0 0 0 0 0 1 1 1 1 1 1 1 1 1 1 1 1 1 1 1 1 1 1 1 1 1 1 1 1 1 1 1 1 1 1 1 0
prog2Level-r fade -17 -17 -17 -17 -17 -17 -17 -17 -17 -17 -17 -17 -17 -21 -23 -20 -19 -18 -20.5 -19 -18.5 -18 -17.5 -17 -17 -17 -17 -17 -17 -17 -17 -17 -16 -17 -15 -14 -15 -12 -12 -14 -13 -12 -18 -24 -17
prog2Atk-r lin 120 120 120 120 120 120 120 120 120 120 120 120 120 120 120 120 120 120 120 120 120 120 120 120 120 120 120 120 120 120 120 120 120 120 120 120 120 120 120 120 120 120 120 120 120
prog2Dec-r lin 120 120 120 120 120 120 120 120 120 120 120 120 120 120 120 120 120 120 120 120 120 120 120 120 120 120 120 120 120 120 120 120 120 120 120 120 120 120 120 120 120 120 120 120 120
prog2Sus-r lin 0.6 0.6 0.6 0.6 0.6 0.6 0.6 0.6 0.6 0.6 0.6 0.6 0.6 0.6 0.6 0.6 0.6 0.6 0.6 0.6 0.6 0.6 0.6 0.6 0.6 0.6 0.6 0.6 0.6 0.6 0.6 0.6 0.6 0.6 0.6 0.6 0.6 0.6 0.6 0.6 0.6 0.6 0.6 0.6 0.6
prog2Rel-r lin 779 779 779 779 779 779 779 779 779 779 779 779 779 779 779 779 779 779 779 779 779 779 779 779 779 779 779 779 779 779 779 779 779 779 779 779 779 779 779 779 779 779 779 779 779
prog2Morph-r lin 0.35 0.35 0.35 0.35 0.35 0.35 0.35 0.35 0.35 0.35 0.35 0.35 0.35 0.35 0.35 0.35 0.35 0.35 0.35 0.35 0.35 0.35 0.35 0.35 0.35 0.35 0.35 0.35 0.35 0.35 0.35 0.35 0.35 0.35 0.35 0.35 0.35 0.35 0.35 0.35 0.35 0.35 0.35 0.35 0.35
chr2Toggle-r bool 0 0 0 0 0 0 0 0 0 0 0 0 0 0 1 1 1 1 1 1 1 1 1 1 1 1 1 1 1 1 1 1 1 1 1 1 1 1 1 1 1 1 1 1 0
chr2Root-r step 59 59 59 59 59 59 59 59 59 59 59 59 59 59 59 59 59 59 59 59 59 59 59 59 59 59 59 59 59 59 59 59 59 59 59 59 59 59 59 59 59 59 59 59 59
chr2Bpm-r lin 92 92 92 92 92 92 92 92 92 92 92 92 92 92 92 92 92 92 92 92 92 92 92 92 92 92 92 92 92 92 92 92 92 92 92 92 92 92 92 92 92 92 92 92 92
chr2Mix-r fade 0.15 0.15 0.15 0.15 0.15 0.15 0.15 0.15 0.15 0.15 0.15 0.15 0.15 0.15 0.2 0.22 0.23 0.25 0.23 0.24 0.24 0.24 0.24 0.25 0.25 0.25 0.25 0.25 0.25 0.25 0.2 0.24 0.64 0.7 0.66 0.76 0.98 1 1 1 1 1 0.78 0.35 0.15
chr2Rate-r lin 20 20 20 20 20 20 20 20 20 20 20 20 20 20 20 20 20 20 20 20 20 20 20 20 20 20 20 18 14 8 2.2 1.4 0.1 0.2 0.16 0.15 6 12 20 20 20 20 20 20 20
chr2Depth-r lin 1 1 1 1 1 1 1 1 1 1 1 1 1 1 1 1 1 1 1 1 1 1 1 1 1 1 1 1 1 1 0.6 0.35 0 0.15 0.12 0.1 0.45 0.72 1 1 1 1 1 1 1
chr2VoiceA-r fade -10 -10 -10 -10 -10 -10 -10 -10 -10 -10 -10 -10 -10 -10 -12 -11 -11 -10 -10 -10 -10 -10 -10 -10 -10 -10 -10 -10 -7 -6 -14 -18 -8 -12 -12 -6 -22 -30 -36 -36 -36 -36 -42 -48 -10
chr2PartLvl-r fade -11 -11 -11 -11 -11 -11 -11 -11 -11 -11 -11 -11 -11 -11 -10 -9 -8 -6 -5 -2 -0.5 0 0 1 1 1 1 0 -1 -5 -8 -14 -36 -24 -28 -32 -35 -34 -36 -36 -36 -36 -42 -48 -11
chr2Master-r fade -11 -11 -11 -11 -11 -11 -11 -11 -11 -11 -11 -11 -11 -11 -10 -9 -9 -10 -10 -10 -10 -10 -10 -10 -10 -10 -10 -9 -8 -6 -12 -18 -28 -32 -32 -31 -8 2 6 4 5 6 -2 -16 -11
stut1On-r bool 0 0 0 0 0 0 0 0 0 0 0 0 0 1 1 1 1 1 1 1 1 1 1 0 0 0 0 0 0 0 0 0 0 0 0 0 0 0 0 0 0 0 0 0 0
stut1On bool 0 0 0 0 0 0 0 0 0 0 0 0 0 1 1 1 1 1 1 1 1 1 1 0 0 0 0 0 0 0 0 0 0 0 0 0 0 0 0 0 0 0 0 0 0
stut1Level-r fade -10 -10 -10 -10 -10 -10 -10 -10 -10 -10 -10 -10 -10 -12 -15 -13 -12 -10 -10 -10 -11 -11 -11 -14 -14 -14 -14 -14 -14 -14 -14 -14 -14 -14 -14 -14 -14 -14 -14 -14 -14 -14 -14 -14 -10
stut1ClkMul-r step 2 2 2 2 2 2 2 2 2 2 2 2 2 2 2 2 2 1 1 1 2 2 2 1 1 1 1 1 1 1 1 1 1 1 1 1 1 1 1 1 1 1 1 1 2
stut1BaseMs-r step 2 2 2 2 2 2 2 2 2 2 2 2 2 2 2 2 2 1 1 1 2 2 2 1 1 1 1 1 1 1 1 1 1 1 1 1 1 1 1 1 1 1 1 1 2
TablaToggle_q-r bool 0 0 0 0 0 0 0 0 0 0 0 0 0 0 0 0 1 1 1 1 1 1 1 1 1 1 1 1 1 1 1 1 1 1 1 1 0 0 0 0 0 0 0 0 0
TablaLevel-r fade -5 -5 -5 -5 -5 -5 -5 -5 -5 -5 -5 -5 -5 -5 -5 -5 -5 -5 -5 -5 -5 -5 -5 -5 -4 -4.3 -4 -3.8 -4.2 -4.4 -4.8 -5 -5 -5.8 -8 -9.5 -5 -5 -5 -5 -5 -5 -5 -5 -5
TablaReverb-r fade -50 -50 -50 -50 -50 -50 -50 -50 -50 -50 -50 -50 -50 -50 -50 -50 -50 -50 -50 -50 -50 -50 -50 -50 -50 -50 -50 -50 -50 -50 -50 -50 -50 -50 -50 -50 -50 -50 -50 -50 -50 -50 -50 -50 -50
TablaSpeed-r lin 2 2 2 2 2 2 2 2 2 2 2 2 2 2 2 2 2 2 2 2 2 2 2 2 2 2 2 2 2 2 2 2 1 1 1 1 1 1 1 1 1 1 1 1 2
hov3Toggle-r bool 0 0 0 0 0 0 0 0 0 0 0 0 0 0 0 0 0 1 1 1 1 1 1 1 1 1 1 1 1 1 1 1 1 1 1 1 1 0 0 0 0 0 0 0 0
hov3Level-r fade -17 -17 -17 -17 -17 -17 -17 -17 -17 -17 -17 -17 -17 -17 -17 -17 -17 -20 -18.5 -19 -18 -19 -20 -22 -21 -22 -23 -22 -21 -20 -20 -22 -20 -22 -23 -23.5 -34 -28 -19 -19 -19 -19 -19 -19 -17
hov3Reverb-r fade -26 -26 -26 -26 -26 -26 -26 -26 -26 -26 -26 -26 -26 -26 -26 -26 -26 -29 -29 -28 -27 -23.5 -23 -24 -23 -24 -27 -27 -27 -26 -27 -29 -26 -28 -29 -28 -42 -36 -25 -25 -25 -25 -25 -25 -26
hov3speed-r lin 120.125 120.125 120.125 120.125 120.125 120.125 120.125 120.125 120.125 120.125 120.125 120.125 120.125 120.125 120.125 120.125 120.125 120.125 120.125 120.125 120.125 120.125 120.125 120.125 120.125 120.125 120.125 120.125 120.125 120.125 120.125 112.125 90.125 105.125 92.125 88.125 70.125 90.125 90.125 90.125 90.125 90.125 90.125 90.125 120.125
hov3master-r lin 10 10 10 10 10 10 10 10 10 10 10 10 10 10 10 10 10 8 8.5 8.5 8.5 8.5 8.5 8.5 8.5 8.5 8.5 8.5 8.5 9 9 9 10 9.5 9.5 10.5 8 7 10 10 10 10 10 10 10
hov3slide_ms-r lin 60 60 60 60 60 60 60 60 60 60 60 60 60 60 60 60 60 50 45 30 30 30 30 30 30 30 30 35 75 90 100 100 120 120 120 120 120 120 120 120 120 120 120 120 60
hov3_div16-r step 16 16 16 16 16 16 16 16 16 16 16 16 16 16 16 16 16 16 16 16 16 16 16 16 16 16 16 16 16 16 16 16 16 16 16 16 16 16 16 16 16 16 16 16 16
hov3_vib_rate_hz-r lin 4 4 4 4 4 4 4 4 4 4 4 4 4 4 4 4 4 4 4 8 8 8 8 8 8 8 8 8 8 8 8 8 8 8 8 8 8 8 8 8 8 8 8 8 4
hov3_tone-r lin 1569 1569 1569 1569 1569 1569 1569 1569 1569 1569 1569 1569 1569 1569 1569 1569 1569 1569 2000 3900 4300 4720 4920 5000 5050 5000 4900 4950 4850 5000 4950 4860 4800 4700 4500 4620 4400 4500 4800 4800 4800 4800 4800 4800 1569
hov3Octave-r step 2 2 2 2 2 2 2 2 2 2 2 2 2 2 2 2 2 2 2 3 3 3 3 3 3 3 3 3 1 1 1 1 1 1 1 1 1 1 1 1 1 1 1 1 2
hihatRun-r bool 0 0 0 0 0 0 0 0 0 0 0 0 0 0 0 0 0 0 1 1 1 1 1 0 0 0 0 0 0 0 0 0 0 0 0 0 0 0 0 0 0 0 0 0 0
hihatClockDiv-r step 4 4 4 4 4 4 4 4 4 4 4 4 4 4 4 4 4 4 4 4 4 4 4 4 4 4 4 4 4 4 4 4 4 4 4 4 4 4 4 4 4 4 4 4 4
hihatBarSteps-r step 4 4 4 4 4 4 4 4 4 4 4 4 4 4 4 4 4 4 4 4 4 4 4 4 4 4 4 4 4 4 4 4 4 4 4 4 4 4 4 4 4 4 4 4 4
hihatHitsPerBar-r step 1 1 1 1 1 1 1 1 1 1 1 1 1 1 1 1 1 1 1 1 1 1 1 1 1 1 1 1 1 1 1 1 1 1 1 1 1 1 1 1 1 1 1 1 1
hihatBeatOffset-r step 2 2 2 2 2 2 2 2 2 2 2 2 2 2 2 2 2 2 2 2 2 2 2 2 2 2 2 2 2 2 2 2 2 2 2 2 2 2 2 2 2 2 2 2 2
hihatLevelDb-r fade -5 -5 -5 -5 -5 -5 -5 -5 -5 -5 -5 -5 -5 -5 -5 -5 -5 -6 -17.5 -18 -18.5 -18 -17.5 -17 -17 -17 -17 -12 -12 -10 -10 -10 -9 -5 -5 -5 -5 -5 -5 -5 -5 -5 -5 -5 -5
clapRun-r bool 0 0 0 0 0 0 0 0 0 0 0 0 0 0 0 0 0 0 0 1 1 1 1 1 1 1 1 1 1 1 1 1 1 1 1 1 0 0 0 0 0 0 0 0 0
clapLevel-r fade -5 -5 -5 -5 -5 -5 -5 -5 -5 -5 -5 -5 -5 -5 -5 -5 -5 -5 -5 -17.2 -16.5 -15.5 -15 -14 -13 -14 -15 -11 -10 -9 -11 -15 -14.5 -15 -17 -24 -5 -5 -5 -5 -5 -5 -5 -5 -5
clapClapsPerBar-r step 1 1 1 1 1 1 1 1 1 1 1 1 1 1 1 1 1 1 1 1 1 1 1 1 1 1 1 1 1 1 1 1 1 1 1 1 1 1 1 1 1 1 1 1 1
clapDelaySteps-r step 32 32 32 32 32 32 32 32 32 32 32 32 32 32 32 32 32 32 32 32 32 32 32 32 32 32 32 32 32 32 32 32 32 32 32 32 32 32 32 32 32 32 32 32 32
clapFeedback-r lin 0.25 0.25 0.25 0.25 0.25 0.25 0.25 0.25 0.25 0.25 0.25 0.25 0.25 0.25 0.25 0.25 0.25 0.25 0.25 0.25 0.25 0.25 0.25 0.25 0.25 0.25 0.25 0.25 0.25 0.25 0.25 0.25 0.25 0.25 0.25 0.25 0.25 0.25 0.25 0.25 0.25 0.25 0.25 0.25 0.25
clapWet-r fade 0.3 0.3 0.3 0.3 0.3 0.3 0.3 0.3 0.3 0.3 0.3 0.3 0.3 0.3 0.3 0.3 0.3 0.3 0.3 0.26 0.26 0.26 0.26 0.3 0.3 0.3 0.3 0.3 0.3 0.3 0.3 0.3 0.3 0.3 0.3 0.4 0.3 0.3 0.3 0.3 0.3 0.3 0.3 0.3 0.3
clapEPulses-r step 2 2 2 2 2 2 2 2 2 2 2 2 2 2 2 2 2 2 2 2 2 2 2 2 2 2 2 2 2 2 2 2 2 2 2 2 2 2 2 2 2 2 2 2 2
clapESteps-r step 16 16 16 16 16 16 16 16 16 16 16 16 16 16 16 16 16 16 16 16 16 16 16 16 16 16 16 16 16 16 16 16 16 16 16 16 16 16 16 16 16 16 16 16 16
clapERot-r step 0 0 0 0 0 0 0 0 0 0 0 0 0 0 0 0 0 0 0 0 0 0 0 0 0 0 0 0 0 0 0 0 0 0 0 0 0 0 0 0 0 0 0 0 0
clapEDecayMs-r lin 180 180 180 180 180 180 180 180 180 180 180 180 180 180 180 180 180 180 180 180 180 180 180 180 180 180 180 180 180 180 180 180 180 180 180 180 180 180 180 180 180 180 180 180 180
clapPlayProb-r lin 2 2 2 2 2 2 2 2 2 2 2 2 2 2 2 2 2 2 2 2 2 2 2 2 2 2 2 2 2 2 2 2 2 2 2 2 2 2 2 2 2 2 2 2 2
clapClockDiv-r step 2 2 2 2 2 2 2 2 2 2 2 2 2 2 2 2 2 2 2 2 2 2 2 2 2 2 2 2 2 2 2 2 2 2 2 2 2 2 2 2 2 2 2 2 2
hov2Toggle-r bool 0 0 0 0 0 0 0 0 0 0 0 0 0 0 0 0 0 0 0 1 1 1 1 0 0 0 0 0 0 0 0 0 0 0 0 0 0 0 0 0 0 0 0 0 0
hov2Level-r fade -14 -14 -14 -14 -14 -14 -14 -14 -14 -14 -14 -14 -14 -14 -14 -14 -14 -14 -14 -22 -21 -20.5 -20 -19 -19 -19 -19 -19 -19 -19 -19 -19 -19 -19 -19 -19 -19 -19 -19 -19 -19 -19 -19 -19 -14
hov2Reverb-r fade -37 -37 -37 -37 -37 -37 -37 -37 -37 -37 -37 -37 -37 -37 -37 -37 -37 -37 -37 -37 -37 -37 -37 -37 -37 -37 -37 -37 -37 -37 -37 -37 -37 -37 -37 -37 -37 -37 -37 -37 -37 -37 -37 -37 -37
hov2speed-r lin 120 120 120 120 120 120 120 120 120 120 120 120 120 120 120 120 120 120 120 120 120 120 120 120 120 120 120 120 120 120 120 120 120 120 120 120 120 120 120 120 120 120 120 120 120
hov2master-r lin 10 10 10 10 10 10 10 10 10 10 10 10 10 10 10 10 10 10 10 10 10 10 10 10 10 10 10 10 10 10 10 10 10 10 10 10 10 10 10 10 10 10 10 10 10
hov2slide_ms-r lin 20 20 20 20 20 20 20 20 20 20 20 20 20 20 20 20 20 20 20 20 20 20 20 5 5 5 5 5 5 5 5 5 5 5 5 5 5 5 5 5 5 5 5 5 20
hov2_div16-r step 16 16 16 16 16 16 16 16 16 16 16 16 16 16 16 16 16 16 16 16 16 16 16 8 8 8 8 8 8 8 8 8 8 8 8 8 8 8 8 8 8 8 8 8 16
hov2_vib_rate_hz-r lin 16 16 16 16 16 16 16 16 16 16 16 16 16 16 16 16 16 16 16 16 16 16 16 12 12 12 12 12 12 12 12 12 12 12 12 12 12 12 12 12 12 12 12 12 16
sagat2Run-r bool 0 0 0 0 0 0 0 0 0 0 0 0 0 0 0 0 0 0 0 0 1 1 1 1 1 1 1 1 1 1 1 1 0 0 0 0 0 0 0 0 0 0 0 0 0
sagat2Level-r fade -20 -20 -20 -20 -20 -20 -20 -20 -20 -20 -20 -20 -20 -20 -20 -20 -20 -20 -20 -20 -31 -28 -27 -24 -23 -24 -25 -27 -29 -32 -40 -44 -45 -40 -45 -45 -45 -45 -45 -45 -45 -45 -45 -45 -20
sagat2Reverb-r fade 0 0 0 0 0 0 0 0 0 0 0 0 0 0 0 0 0 0 0 0 0 3 3 0 0 0 0 0 0 0 0 0 0 0 0 0 0 0 0 0 0 0 0 0 0
sagat2Chops-r step 2 2 2 2 2 2 2 2 2 2 2 2 2 2 2 2 2 2 2 2 2 2 2 2 2 2 2 2 2 2 2 2 2 2 2 2 2 2 2 2 2 2 2 2 2
sagat2Retrig-r step 4 4 4 4 4 4 4 4 4 4 4 4 4 4 4 4 4 4 4 4 4 4 4 4 4 4 4 4 4 4 4 4 4 4 4 4 4 4 4 4 4 4 4 4 4
sagat2Accent-r lin 0.5 0.5 0.5 0.5 0.5 0.5 0.5 0.5 0.5 0.5 0.5 0.5 0.5 0.5 0.5 0.5 0.5 0.5 0.5 0.5 0.5 0.5 0.5 0.5 0.5 0.5 0.5 0.5 0.5 0.5 0.5 0.5 0.5 0.5 0.5 0.5 0.5 0.5 0.5 0.5 0.5 0.5 0.5 0.5 0.5
zilsToggle-r bool 0 0 0 0 0 0 0 0 0 0 0 0 0 0 0 0 0 0 0 0 0 1 1 1 1 1 1 1 1 1 1 1 0 0 0 0 0 0 0 0 0 0 0 0 0
zilsLevel-r fade -17 -17 -17 -17 -17 -17 -17 -17 -17 -17 -17 -17 -17 -17 -17 -17 -17 -17 -17 -17 -17 -25 -23.5 -18 -17 -18 -19 -20 -21 -24 -32 -37 -27 -34 -27 -27 -27 -27 -27 -27 -27 -27 -27 -27 -17
shaabiRun-r bool 0 0 0 0 0 0 0 0 0 0 0 0 0 0 0 0 0 0 0 0 0 0 0 1 1 1 0 0 0 0 0 0 0 0 0 0 0 0 0 0 0 0 0 0 0
shaabiBpm-r lin 120 120 120 120 120 120 120 120 120 120 120 120 120 120 120 120 120 120 120 120 120 120 120 120 120 120 120 120 120 120 120 120 120 120 120 120 120 120 120 120 120 120 120 120 120
shaabiStepDiv-r step 16 16 16 16 16 16 16 16 16 16 16 16 16 16 16 16 16 16 16 16 16 16 16 16 16 16 16 16 16 16 16 16 16 16 16 16 16 16 16 16 16 16 16 16 16
1039-run-r bool 0 0 0 0 0 0 0 0 0 0 0 0 0 0 0 0 0 0 0 0 0 0 0 0 0 0 0 0 0 0 0 0 1 1 1 1 1 1 1 1 1 1 1 1 0
1039-run bool 0 0 0 0 0 0 0 0 0 0 0 0 0 0 0 0 0 0 0 0 0 0 0 0 0 0 0 0 0 0 0 0 1 1 1 1 1 1 1 1 1 1 1 1 0
1039-level_db-r fade -23 -23 -23 -23 -23 -23 -23 -23 -23 -23 -23 -23 -23 -23 -23 -23 -23 -23 -23 -23 -23 -23 -23 -23 -23 -23 -23 -23 -23 -23 -23 -23 -22 -20 -19.5 -18 -15 -11 -10 -12 -11 -10 -13.5 -20 -20
1039-level_db fade -23 -23 -23 -23 -23 -23 -23 -23 -23 -23 -23 -23 -23 -23 -23 -23 -23 -23 -23 -23 -23 -23 -23 -23 -23 -23 -23 -23 -23 -23 -23 -23 -22 -20 -19.5 -18 -15 -11 -10 -12 -11 -10 -13.5 -20 -20
1039-clockdiv-r step 32 32 32 32 32 32 32 32 32 32 32 32 32 32 32 32 32 32 32 32 32 32 32 32 32 32 32 32 32 32 32 32 32 32 32 32 32 32 32 32 32 32 32 32 32
1039-clockdiv step 32 32 32 32 32 32 32 32 32 32 32 32 32 32 32 32 32 32 32 32 32 32 32 32 32 32 32 32 32 32 32 32 32 32 32 32 32 32 32 32 32 32 32 32 32
1039-root-r step 71 71 71 71 71 71 71 71 71 71 71 71 71 71 71 71 71 71 71 71 71 71 71 71 71 71 71 71 71 71 71 71 71 71 67 60 52 40 36 36 36 36 36 36 36
1039-root step 71 71 71 71 71 71 71 71 71 71 71 71 71 71 71 71 71 71 71 71 71 71 71 71 71 71 71 71 71 71 71 71 71 71 67 60 52 40 36 36 36 36 36 36 36
1039-fm_idx-r lin 45 45 45 45 45 45 45 45 45 45 45 45 45 45 45 45 45 45 45 45 45 45 45 45 45 45 45 45 45 45 45 45 45 45 70 140 220 360 463 463 463 463 463 463 463
1039-fm_idx lin 45 45 45 45 45 45 45 45 45 45 45 45 45 45 45 45 45 45 45 45 45 45 45 45 45 45 45 45 45 45 45 45 45 45 70 140 220 360 463 463 463 463 463 463 463
1039-cutoff_depth-r lin 810 810 810 810 810 810 810 810 810 810 810 810 810 810 810 810 810 810 810 810 810 810 810 810 810 810 810 810 810 810 810 810 810 810 820 825 840 870 880 880 880 880 880 880 880
1039-cutoff_depth lin 810 810 810 810 810 810 810 810 810 810 810 810 810 810 810 810 810 810 810 810 810 810 810 810 810 810 810 810 810 810 810 810 810 810 820 825 840 870 880 880 880 880 880 880 880
1039-q-r lin 0.5 0.5 0.5 0.5 0.5 0.5 0.5 0.5 0.5 0.5 0.5 0.5 0.5 0.5 0.5 0.5 0.5 0.5 0.5 0.5 0.5 0.5 0.5 0.5 0.5 0.5 0.5 0.5 0.5 0.5 0.5 0.5 0.5 0.5 1.2 3 6 12 16 16 16 16 16 16 16
1039-q lin 0.5 0.5 0.5 0.5 0.5 0.5 0.5 0.5 0.5 0.5 0.5 0.5 0.5 0.5 0.5 0.5 0.5 0.5 0.5 0.5 0.5 0.5 0.5 0.5 0.5 0.5 0.5 0.5 0.5 0.5 0.5 0.5 0.5 0.5 1.2 3 6 12 16 16 16 16 16 16 16
1039-feedback-r lin 0 0 0 0 0 0 0 0 0 0 0 0 0 0 0 0 0 0 0 0 0 0 0 0 0 0 0 0 0 0 0 0 0 0 0 0 0 0 0 0 0 0 0 0 0
1039-feedback lin 0 0 0 0 0 0 0 0 0 0 0 0 0 0 0 0 0 0 0 0 0 0 0 0 0 0 0 0 0 0 0 0 0 0 0 0 0 0 0 0 0 0 0 0 0
1039-fold_drive-r lin 3.4 3.4 3.4 3.4 3.4 3.4 3.4 3.4 3.4 3.4 3.4 3.4 3.4 3.4 3.4 3.4 3.4 3.4 3.4 3.4 3.4 3.4 3.4 3.4 3.4 3.4 3.4 3.4 3.4 3.4 3.4 3.4 3.4 3.4 4.2 4.8 6 7.4 8 8 8 8 8 8 8
1039-fold_drive lin 3.4 3.4 3.4 3.4 3.4 3.4 3.4 3.4 3.4 3.4 3.4 3.4 3.4 3.4 3.4 3.4 3.4 3.4 3.4 3.4 3.4 3.4 3.4 3.4 3.4 3.4 3.4 3.4 3.4 3.4 3.4 3.4 3.4 3.4 4.2 4.8 6 7.4 8 8 8 8 8 8 8
1039-texture-r lin 0 0 0 0 0 0 0 0 0 0 0 0 0 0 0 0 0 0 0 0 0 0 0 0 0 0 0 0 0 0 0 0 0 0 0 0 0 0 0 0 0 0 0 0 0
1039-texture lin 0 0 0 0 0 0 0 0 0 0 0 0 0 0 0 0 0 0 0 0 0 0 0 0 0 0 0 0 0 0 0 0 0 0 0 0 0 0 0 0 0 0 0 0 0
1039-motion_hz-r lin 1 1 1 1 1 1 1 1 1 1 1 1 1 1 1 1 1 1 1 1 1 1 1 1 1 1 1 1 1 1 1 1 1 1 0.75 0.45 0.22 0.05 0.02 0.02 0.02 0.02 0.02 0.02 0.02
1039-motion_hz lin 1 1 1 1 1 1 1 1 1 1 1 1 1 1 1 1 1 1 1 1 1 1 1 1 1 1 1 1 1 1 1 1 1 1 0.75 0.45 0.22 0.05 0.02 0.02 0.02 0.02 0.02 0.02 0.02
1039-cutoff_base-r lin 120 120 120 120 120 120 120 120 120 120 120 120 120 120 120 120 120 120 120 120 120 120 120 120 120 120 120 120 120 120 120 120 120 120 120 120 120 120 120 120 120 120 120 120 120
1039-cutoff_base lin 120 120 120 120 120 120 120 120 120 120 120 120 120 120 120 120 120 120 120 120 120 120 120 120 120 120 120 120 120 120 120 120 120 120 120 120 120 120 120 120 120 120 120 120 120
1039-delay_ms-r lin 120 120 120 120 120 120 120 120 120 120 120 120 120 120 120 120 120 120 120 120 120 120 120 120 120 120 120 120 120 120 120 120 120 120 140 170 220 290 334 334 334 334 334 334 334
1039-delay_ms lin 120 120 120 120 120 120 120 120 120 120 120 120 120 120 120 120 120 120 120 120 120 120 120 120 120 120 120 120 120 120 120 120 120 120 140 170 220 290 334 334 334 334 334 334 334
1039-wet-r lin 0.5 0.5 0.5 0.5 0.5 0.5 0.5 0.5 0.5 0.5 0.5 0.5 0.5 0.5 0.5 0.5 0.5 0.5 0.5 0.5 0.5 0.5 0.5 0.5 0.5 0.5 0.5 0.5 0.5 0.5 0.5 0.5 0.56 0.61 0.66 0.72 0.84 0.96 1 1 1 1 0.84 0.48 0.48
1039-wet lin 0.5 0.5 0.5 0.5 0.5 0.5 0.5 0.5 0.5 0.5 0.5 0.5 0.5 0.5 0.5 0.5 0.5 0.5 0.5 0.5 0.5 0.5 0.5 0.5 0.5 0.5 0.5 0.5 0.5 0.5 0.5 0.5 0.56 0.61 0.66 0.72 0.84 0.96 1 1 1 1 0.84 0.48 0.48
synth1Level fade -40 -40 -40 -40 -26 -30 -27 -23 -18 -14 -15 -15 -16 -18 -19 -17 -15 -13.5 -14.5 -15 -16 -17 -18 -17 -17 -17 -17 -17 -17 -17.5 -18.5 -20 -19.5 -20 -21.5 -23 -28 -28 -19 -19 -19 -19 -19 -19 -40
synth1Reverb fade -19 -19 -19 -19 -19 -20 -20 -18 -15 -12 -13 -13 -14 -15 -16 -14 -11 -7 -8 -9 -9 -9 -8.5 -8 -8 -8 -8 -7 -7 -6 -5 -6.5 -7.5 -9.5 -10.5 -10.5 -12 -12 -9 -9 -9 -9 -9 -9 -19
synth1Speed lin 64 64 64 64 64 64 32 16 16 16 8 8 8 8 8 8 8 16 32 32 32 32 32 32 32 32 32 32 20 12 10 8 4 4.5 5 4.5 2 2 4 4 4 4 4 4 64
synth1Tuning lin 30 30 30 30 30 -92 -72 30 30 70 70 70 66 48 40 30 30 48 36 24 12 12 0 0 0 0 0 0 12 24 38 26 0 10 14 12 6 0 0 0 0 0 0 0 30
synth1Delay lin -50 -50 -50 -50 -50 0 0 -4 -2 0 -4 -2 -3 -4 -10 -6 -3 0 -10 -18 -28 -34 -38 -45 -45 -45 -50 -25 -10 -5 -10 -12 -14 -18 -10 -18 -28 -30 0 0 0 0 0 0 -50
synth1Cutoff lin 220 220 220 220 220 780 800 820 910 1041 940 980 930 860 780 720 690 640 620 610 565 520 480 500 540 500 460 820 760 620 540 410 360 330 320 345 300 280 320 320 320 320 320 320 220
hov1Octave-r step 0 0 0 0 0 0 0 0 0 0 0 0 0 0 0 0 0 0 0 -2 -2 -2 -2 -2 -2 -2 -2 -1 -1 0 0 0 0 0 0 0 0 0 0 0 0 0 0 0 0
shaabiVol-r lin 0 0 0 0 0 0 0 0 0 0 0 0 0 0 0 0 0 0 0 0 0 0 -30 -19 -19 -19 0 0 0 0 0 0 0 0 0 0 0 0 0 0 0 0 0 0 0
chmToggle-r bool 0 0 0 0 0 0 0 0 0 0 0 0 0 0 0 0 0 0 0 0 0 0 0 0 0 0 0 0 0 0 0 0 0 0 0 0 0 0 0 1 1 1 1 1 0
chmShortMs-r lin 0 0 0 0 0 0 0 0 0 0 0 0 0 0 0 0 0 0 0 0 0 0 0 0 0 0 0 0 0 0 0 0 0 0 0 0 0 0 0 70 70 70 70 70 70
chmLongMs-r lin 0 0 0 0 0 0 0 0 0 0 0 0 0 0 0 0 0 0 0 0 0 0 0 0 0 0 0 0 0 0 0 0 0 0 0 0 0 0 0 240 240 240 240 240 240
chmLevel-r fade 0 0 0 0 0 0 0 0 0 0 0 0 0 0 0 0 0 0 0 0 0 0 0 0 0 0 0 0 0 0 0 0 0 0 0 0 0 0 0 0 0 0 -6 -14 -12
chmReverb-r fade 0 0 0 0 0 0 0 0 0 0 0 0 0 0 0 0 0 0 0 0 0 0 0 0 0 0 0 0 0 0 0 0 0 0 0 0 0 0 0 0.4 0.4 0.4 0.32 0.18 0.18
chmDecay-r lin 0 0 0 0 0 0 0 0 0 0 0 0 0 0 0 0 0 0 0 0 0 0 0 0 0 0 0 0 0 0 0 0 0 0 0 0 0 0 0 4 4 4 3.5 2.8 2.8
chmShortSpray-r lin 0 0 0 0 0 0 0 0 0 0 0 0 0 0 0 0 0 0 0 0 0 0 0 0 0 0 0 0 0 0 0 0 0 0 0 0 0 0 0 25 25 25 25 25 25
chmLongSpray-r lin 0 0 0 0 0 0 0 0 0 0 0 0 0 0 0 0 0 0 0 0 0 0 0 0 0 0 0 0 0 0 0 0 0 0 0 0 0 0 0 20 20 20 20 20 20
chmSprayGapMs-r lin 0 0 0 0 0 0 0 0 0 0 0 0 0 0 0 0 0 0 0 0 0 0 0 0 0 0 0 0 0 0 0 0 0 0 0 0 0 0 0 85 85 85 85 85 85
chmBpm-r lin 0 0 0 0 0 0 0 0 0 0 0 0 0 0 0 0 0 0 0 0 0 0 0 0 0 0 0 0 0 0 0 0 0 0 0 0 0 0 0 60 60 60 60 60 60
chmCutoff-r lin 0 0 0 0 0 0 0 0 0 0 0 0 0 0 0 0 0 0 0 0 0 0 0 0 0 0 0 0 0 0 0 0 0 0 0 0 0 0 0 850 850 850 900 1050 1050
waterRun-r bool 0 0 0 0 0 0 0 0 0 0 0 0 0 0 0 0 0 0 0 0 0 0 0 0 0 0 0 0 0 0 0 0 0 0 0 0 0 0 0 1 1 0 0 0 0
1003master-r lin 0 0 0 0 0 0 0 0 0 0 0 0 0 0 0 0 0 0 0 0 0 0 0 0 0 0 0 0 0 0 0 0 0 0 0 0 0 0 0 -25 -35 -100 -100 -100 -100
HarpToggle-r bool 0 0 0 0 0 0 0 0 0 0 0 0 0 0 0 0 0 0 0 0 0 0 0 0 0 0 0 0 0 0 0 0 0 0 0 0 0 0 0 1 1 1 1 0 0
HarpDelayMs-r lin 0 0 0 0 0 0 0 0 0 0 0 0 0 0 0 0 0 0 0 0 0 0 0 0 0 0 0 0 0 0 0 0 0 0 0 0 0 0 0 760 760 760 760 760 760
HarpDelayFb-r lin 0 0 0 0 0 0 0 0 0 0 0 0 0 0 0 0 0 0 0 0 0 0 0 0 0 0 0 0 0 0 0 0 0 0 0 0 0 0 0 0.25 0.25 0.25 0.25 0.25 0.25
HarpDelayWet-r fade 0 0 0 0 0 0 0 0 0 0 0 0 0 0 0 0 0 0 0 0 0 0 0 0 0 0 0 0 0 0 0 0 0 0 0 0 0 0 0 0.24 0.24 0.24 0.18 0 0
HarpDelayTone-r lin 0 0 0 0 0 0 0 0 0 0 0 0 0 0 0 0 0 0 0 0 0 0 0 0 0 0 0 0 0 0 0 0 0 0 0 0 0 0 0 2200 2200 2200 2000 2200 2200
StreetAuraToggle_idlework-r lin 0 0 0 0 0 0 0 0 0 0 0 0 0 0 0 0 0 0 0 0 0 0 0 0 0 0 0 0 0 0 0 0 0 0 0 0 0 0 0 0 1 1 1 1 1
StreetAuraLevel_idlework-r fade 0 0 0 0 0 0 0 0 0 0 0 0 0 0 0 0 0 0 0 0 0 0 0 0 0 0 0 0 0 0 0 0 0 0 0 0 0 0 0 -100 0 2 1 0.5 -8
auraAmt_idlework-r lin 0 0 0 0 0 0 0 0 0 0 0 0 0 0 0 0 0 0 0 0 0 0 0 0 0 0 0 0 0 0 0 0 0 0 0 0 0 0 0 0 0.55 1 0.75 0.38 0.08
waterRun bool 0 0 0 0 0 0 0 0 0 0 0 0 0 0 0 0 0 0 0 0 0 0 0 0 0 0 0 0 0 0 0 0 0 0 0 0 0 0 0 1 1 0 0 0 0
1003master lin 0 0 0 0 0 0 0 0 0 0 0 0 0 0 0 0 0 0 0 0 0 0 0 0 0 0 0 0 0 0 0 0 0 0 0 0 0 0 0 -25 -35 -100 -100 -100 -100
1003run bool 0 0 0 0 0 0 0 0 0 0 0 0 0 0 0 0 0 0 0 0 0 0 0 0 0 0 0 0 0 0 0 0 0 0 0 0 0 0 0 0 0 0 0 0 0
